-0.5000        0   -0.5000
-0.5000        0    0.5000
0.1500         0    0.5000
0.1500         0   -0.5000

0.3500         0   -0.5000
0.3500         0    0.5000
0.5000         0    0.5000
0.5000         0   -0.5000

0.1500         0    0.3500
0.1500         0    0.5000
0.3500         0    0.5000
0.3500         0    0.3500

0.1500         0   -0.5000
0.1500         0    0.1500
0.3500         0    0.1500
0.3500         0   -0.5000

-0.5000        0.2   -0.5000
-0.5000        0.2    0.5000
0.1500         0.2    0.5000
0.1500         0.2   -0.5000
 
0.3500         0.2   -0.5000
0.3500         0.2    0.5000
0.5000         0.2    0.5000
0.5000         0.2   -0.5000

0.1500         0.2    0.3500
0.1500         0.2    0.5000
0.3500         0.2    0.5000
0.3500         0.2    0.3500

0.1500         0.2   -0.5000
0.1500         0.2    0.1500
0.3500         0.2    0.1500
0.3500         0.2   -0.5000
