-0.5000         -0.2    0.5000
0.1500         -0.2    0.5000
0.1500         -0.2   -0.5000
-0.5000         -0.2   -0.5000

0.3500         -0.2    0.5000
0.5000         -0.2    0.5000
0.5000         -0.2   -0.5000
0.3500         -0.2   -0.5000

0.1500         -0.2    0.5000
0.3500         -0.2    0.5000
0.3500         -0.2    0.3500
0.1500         -0.2    0.3500

0.1500         -0.2    0.1500
0.3500         -0.2    0.1500
0.3500         -0.2   -0.5000
0.1500         -0.2   -0.5000

-0.50 0 +0.50
-0.35 0 +0.50
-0.35 0 -0.50
-0.50 0 -0.50

-0.15 0 +0.50 
+0.50 0 +0.50 
+0.50 0 -0.50 
-0.15 0 -0.50

-0.35 0 +0.50
-0.15 0 +0.50
-0.15 0 -0.15
-0.35 0 -0.15

-0.35 0 -0.35 
-0.15 0 -0.35 
-0.15 0 -0.50 
-0.35 0 -0.50
                            

-0.5000         0.2    0.5000
0.1500         0.2    0.5000
0.1500         0.2   -0.5000
-0.5000         0.2   -0.5000

0.3500         0.2    0.5000
0.5000         0.2    0.5000
0.5000         0.2   -0.5000
0.3500         0.2   -0.5000

0.1500         0.2    0.5000
0.3500         0.2    0.5000
0.3500         0.2    0.3500
0.1500         0.2    0.3500

0.1500         0.2    0.1500
0.3500         0.2    0.1500
0.3500         0.2   -0.5000
0.1500         0.2   -0.5000

-1         -1    0.25
1         -1    0.25
1         1   0.25
-1         1   0.25

-1         -1    -0.25
1         -1    -0.25
1         1   -0.25
-1         1   -0.25

