-0.5000         -0.56    0.5000
0.1900         -0.56    0.5000
0.1900         -0.56   -0.5000
-0.5000         -0.56   -0.5000

0.3100         -0.56    0.5000
0.5000         -0.56    0.5000
0.5000         -0.56   -0.5000
0.3100         -0.56   -0.5000

0.1900         -0.56    0.5000
0.3100         -0.56    0.5000
0.3100         -0.56    0.3100
0.1900         -0.56    0.3100

0.1900         -0.56    0.1900
0.3100         -0.56    0.1900
0.3100         -0.56   -0.5000
0.1900         -0.56   -0.5000



-0.5000         0.56    0.5000
0.1900         0.56    0.5000
0.1900         0.56   -0.5000
-0.5000         0.56   -0.5000

0.3100         0.56    0.5000
0.5000         0.56    0.5000
0.5000         0.56   -0.5000
0.3100         0.56   -0.5000

0.1900         0.56    0.5000
0.3100         0.56    0.5000
0.3100         0.56    0.3100
0.1900         0.56    0.3100

0.1900         0.56    0.1900
0.3100         0.56    0.1900
0.3100         0.56   -0.5000
0.1900         0.56   -0.5000

0.1900         -0.56    0.3100
0.3100         -0.56    0.3100
0.3100         0.56     0.3100
0.1900         0.56     0.3100

0.1900         -0.56    0.1900
0.3100         -0.56    0.1900
0.3100         0.56     0.1900
0.1900         0.56     0.1900

0.1900         -0.56    0.3100
0.1900         -0.56    0.1900
0.1900         0.56     0.1900
0.1900         0.56     0.3100

0.3100         -0.56    0.3100
0.3100         -0.56    0.1900
0.3100         0.56     0.1900
0.3100         0.56     0.3100

